20170314;090014;inverter;inverter;+0000
[wr_def_start]
099301N184;FLX;Inverter Group;
[wr_def_end]
[wr]
INTERVAL;TIMESTAMP;SERIAL;P_AC;E_DAY;T_WR;U_AC;U_AC_1;U_AC_2;U_AC_3;I_AC;F_AC;U_DC_1;I_DC_1;U_DC_2;I_DC_2;U_DC_3;I_DC_3;S;E_WR;M_WR;I_AC_1;I_AC_2;I_AC_3;P_AC_1;P_AC_2;P_AC_3;F_AC_1;F_AC_2;F_AC_3;R_DC;PC;PCS;PCS_LL;COS_PHI;COS_PHI_LL;S_COS_PHI;Current_Day_Energy;current_Day_Offset;ccEnergyOfDay_WithoutOffset

600;2017-03-14 08:10:00;099301N184;1277;0.992;24;238;239;237;238;5.350;49.97;640.1;0.725;639.3;0.718;640.8;0.700;60;12;0;1.788;1.817;1.745;427;432;416;49.98;49.98;49.98;3907;1000;0.0;0;0.0000;0;0;992;992;992
600;2017-03-14 08:20:00;099301N184;2100;1.341;25;238;239;237;238;8.797;49.94;648.9;1.154;648.0;1.143;649.7;1.121;60;0;0;2.935;2.988;2.874;704;710;684;49.95;49.95;49.95;3907;1000;0.0;0;0.0000;0;0;1341;1341;1341
600;2017-03-14 08:30:00;099301N184;1708;1.626;26;238;239;237;238;7.160;50.03;643.0;0.956;642.7;0.944;644.3;0.919;60;0;0;2.386;2.437;2.337;571;578;556;50.03;50.03;50.03;3907;1000;0.0;0;0.0000;0;0;1626;1626;1626
600;2017-03-14 08:40:00;099301N184;1397;1.859;26;238;239;237;238;5.855;50.08;639.1;0.791;638.7;0.783;640.5;0.764;60;0;0;1.938;1.983;1.934;464;471;460;50.08;50.08;50.08;3907;1000;0.0;0;0.0000;0;0;1859;1859;1859
600;2017-03-14 08:50:00;099301N184;2048;2.202;27;237;239;237;237;8.601;50.05;647.3;1.129;646.7;1.120;648.5;1.096;60;0;0;2.868;2.911;2.822;685;691;670;50.05;50.05;50.05;3907;1000;0.0;0;0.0000;0;0;2202;2202;2202
600;2017-03-14 09:00:00;099301N184;2177;2.564;28;237;238;236;237;9.160;50.06;646.6;1.202;646.2;1.191;648.1;1.161;60;0;0;3.059;3.105;2.996;729;735;711;50.06;50.06;50.06;3907;1000;0.0;0;0.0000;0;0;2564;2564;2564
600;2017-03-14 09:00:00;099301N184;2177;2.564;28;237;238;236;237;9.160;50.06;646.6;1.202;646.2;1.191;648.1;1.161;60;0;0;3.059;3.105;2.996;729;735;711;50.06;50.06;50.06;3907;1000;0.0;0;0.0000;0;0;2564;2564;2564


[wr_ende]
